55 25 1929
82 43 546
88 2 3
100 3 118
107 57 856
141 16 206
147 8 137
172 74 -1
193 -1 -1
197 1 1
211 11 168
217 12 341
234 2 40
248 2 60
275 114 -1
283 2 263
285 23 -1
320 9 190
360 3 241
378 2 42
386 27 250
391 5 105
393 243 -1
404 1 918
426 25 746
458 9 1283
464 9 -1
466 6 128
486 1 2
493 3 463
577 9 232
597 5 220
630 5 1327
633 28 530
653 68 468
668 124 -1
683 9 947
685 6 85
688 30 543
703 88 -1
722 9 5
728 11 151
735 34 1569
753 15 385
776 12 213
786 71 1231
824 13 987
840 2 29
853 12 250
857 8 249
861 16 592
866 13 559
890 4 574
926 3 45
930 10 62
934 2 8
938 4 363
953 1 38
967 4 8
979 7 195
983 118 1691
998 1 78
