0.2271656881920323
0.19991895737139823
0.17675300018588053
0.2237604930072412
0.17861946366106726
0.19826691250627854
0.19883677209100223
0.2095729107262201
0.20646394014137595
0.21222348719788292
0.19802035929607636
0.20643089433797482
0.1826160925243922
0.19790485449124123
0.21844940904541463
0.2670883135351467
0.18146086423843483
0.1823676504503563
0.20416524184117302
0.1774270404963009
0.23335475467504563
0.22197215569485224
0.23154041565422778
0.2375877893126594
0.20761669816370557
0.1921530333338799
0.18389403684280048
0.18152927660823462
0.20780653113589628
0.19512756062182052
0.19878423101551013
0.17812339405853925
0.2002196024921501
0.22529516549352027
0.23399738229126704
0.1807387722794977
0.19473179670277568
0.18801983221325946
0.1924152453836907
0.22789821452144365
0.18922022426682514
0.21008488021441435
0.2140036365009972
0.195475476868155
0.18865149489918207
0.2130627507778345
0.19805039949716594
0.20300962504516987
0.23385835028647284
0.1822052533123247
0.19312204199699168
0.21896824223030845
0.21083909188776223
0.2261872054810416
