4.650930643081665
2.037606716156006
1.1392862796783447
1.388864517211914
2.831937789916992
1.5735483169555664
1.401928186416626
1.035982608795166
1.458913803100586
2.0816781520843506
1.285588026046753
1.260993480682373
1.63645601272583
1.5280265808105469
1.7199933528900146
1.2693850994110107
1.7052040100097656
1.408315896987915
2.46889591217041
2.39028263092041
3.161017894744873
1.3886606693267822
1.1216168403625488
2.015749931335449
1.473322868347168
1.399407148361206
3.722468614578247
2.316441535949707
1.964390754699707
2.931471109390259
1.3302271366119385
2.0147690773010254
1.1947112083435059
1.496185302734375
4.591254472732544
1.9770245552062988
1.6581089496612549
4.269335031509399
2.743351697921753
1.2643296718597412
1.770212173461914
1.815460205078125
2.248077154159546
2.4916698932647705
2.057150363922119
1.3054733276367188
1.2971210479736328
1.1498017311096191
1.8282420635223389
1.2456202507019043
1.1413474082946777
1.6894619464874268
4.569389820098877
1.3295443058013916
