3.9437010288238525
5.727681398391724
1.3221747875213623
1.4855644702911377
6.89911413192749
2.7875595092773438
2.015672445297241
8.936146974563599
1.0846025943756104
2.22731614112854
2.579618215560913
1.384354829788208
1.3356659412384033
13.220497369766235
1.3292350769042969
3.4110474586486816
2.112198829650879
1.4487531185150146
1.4303863048553467
4.03082537651062
1.867021083831787
26.803249835968018
1.325779676437378
3.936413288116455
2.23362398147583
2.2164297103881836
1.7882649898529053
1.1302955150604248
1.5870552062988281
2.2748799324035645
1.7035739421844482
1.6468749046325684
3.8569746017456055
8.393135786056519
15.508124351501465
2.269749879837036
1.7060027122497559
4.4622087478637695
10.692314147949219
2.153632402420044
2.6085500717163086
4.636510848999023
2.8482882976531982
2.4479868412017822
8.162441968917847
2.8437533378601074
1.3919095993041992
2.4182698726654053
2.1400978565216064
2.676858425140381
2.558629274368286
1.6108686923980713
1.4734797477722168
2.621629476547241
1.3648972511291504
1.5760407447814941
1.3762180805206299
1.6177890300750732
1.9546737670898438
12.977140188217163
1.2995874881744385
