0.18903562307133798
0.20478755857780295
0.195423175147864
0.19140658304678587
0.18261863261513323
0.2246125898181694
0.220318704364799
0.2095729107262201
0.22510477456336395
0.18067944232801886
0.19862299916735307
0.21965343220945074
0.18822036710922868
0.21340671954802726
0.176870934684389
0.23729115494899164
0.19129374457919096
0.22390644482054195
0.20495238664740445
0.21378342359738678
0.21593821167619565
0.1957175226278783
0.2138839632248093
0.21103096485130718
0.21025387855607044
0.18191112262432102
0.18536566288219108
0.19953622418130026
0.18906142013499913
0.21231586110286238
0.2153073274793818
0.20657691000716483
0.18117328839534205
0.21995593264184493
0.22236036908753531
0.17620436882362228
0.1950982508472608
0.19332955502369187
0.2001865371510505
0.22692471585828838
0.21956806603421195
0.2143199902627279
0.18050403660309666
0.19006327547486285
0.2565078947390129
0.18975016725954424
0.18445889267011953
0.18983983167264246
0.18106073484402258
0.18386896021316945
0.20024971506775768
0.18252408300132855
0.1940958786722725
0.21260526549398404
